1.0699999760836363
0.7099999841302633
0.19999999552965164
1.1999999731779099
2.2199999503791332
0.0
0.8399999812245369
0.3499999921768904
1.5199999660253525
0.30999999307096004
1.5599999651312828
0.9499999787658453
0.6899999845772982
0.5699999872595072
5.209999883547425
2.849999936297536
2.5199999436736107
2.8599999360740185
2.459999945014715
2.7399999387562275
1.3599999696016312
3.129999930039048
3.299999926239252
3.569999920204282
3.9599999114871025
5.489999877288938
2.459999945014715
4.5099998991936445
4.549999898299575
4.29999990388751
2.2899999488145113
3.039999932050705
5.599999874830246
4.909999890252948
5.18999988399446
3.6999999172985554
3.3199999257922173
5.0599998869001865
9.439999788999557
9.729999782517552
5.239999882876873
5.269999882206321
7.089999841526151
5.569999875500798
7.259999837726355
12.009999731555581
9.849999779835343
8.589999807998538
8.889999801293015
6.619999852031469
13.739999692887068
9.44999978877604
12.359999723732471
7.35999983549118
6.239999860525131
10.929999755695462
15.659999649971724
13.739999692887068
7.699999827891588
16.279999636113644
8.759999804198742
10.159999772906303
15.02999966405332
5.199999883770943
9.189999794587493
17.369999611750245
8.259999815374613
7.989999821409583
10.809999758377671
20.969999531283975
17.059999618679285
5.7799998708069324
15.119999662041664
9.889999778941274
13.78999969176948
7.109999841079116
18.869999578222632
7.249999837949872
18.46999958716333
6.489999854937196
15.309999657794833
8.259999815374613
14.709999671205878
20.029999552294612
9.609999785199761
13.919999688863754
5.879999868571758
5.989999866113067
7.389999834820628
16.669999627396464
37.349999165162444
12.759999714791775
18.38999958895147
13.499999698251486
7.689999828115106
13.759999692440033
11.529999742284417
20.029999552294612
18.289999591186643
12.789999714121222
12.229999726638198
8.90999980084598
3.779999915510416
18.62999958358705
10.319999769330025
15.039999663829803
16.859999623149633
7.259999837726355
8.489999810233712
15.129999661818147
18.4299995880574
18.949999576434493
15.44999965466559
4.649999896064401
23.58999947272241
4.309999903663993
12.489999720826745
11.329999746754766
21.659999515861273
9.979999776929617
10.629999762400985
35.65999920293689
3.7899999152868986
17.38999961130321
5.319999881088734
11.179999750107527
21.13999952748418
23.57999947294593
15.269999658688903
1.9299999568611383
5.469999877735972
5.859999869018793
18.909999577328563
13.299999702721834
18.409999588504434
21.559999518096447
10.449999766424298
23.38999947719276
19.2899995688349
13.869999689981341
25.539999429136515
26.669999403879046
18.78999958001077
7.919999822974205
3.449999922886491
24.529999451711774
29.329999344423413
30.719999313354492
24.659999448806047
26.459999408572912
10.759999759495258
26.869999399408698
29.579999338835478
13.35999970138073
18.959999576210976
2.659999940544367
3.1499999295920134
19.32999956794083
34.80999922193587
18.909999577328563
9.999999776482582
14.269999681040645
21.2999995239079
26.479999408125877
14.139999683946371
19.389999566599727
23.639999471604824
29.15999934822321
29.829999333247542
4.289999904111028
33.209999257698655
4.819999892264605
38.90999913029373
9.569999786093831
37.52999916113913
4.91999989002943
8.939999800175428
2.389999946579337
4.9399998895823956
30.369999321177602
29.069999350234866
33.10999925993383
9.659999784082174
33.57999924942851
24.78999944590032
22.909999487921596
26.269999412819743
26.709999402984977
32.049999283626676
26.01999941840768
36.079999193549156
35.63999920338392
37.699999157339334
38.60999913699925
29.209999347105622
21.369999522343278
31.399999298155308
6.5199998542666435
4.739999894052744
25.12999943830073
20.87999953329563
11.719999738037586
8.849999802187085
33.129999259486794
28.909999353811145
33.27999925613403
17.7399996034801
27.799999378621578
30.959999307990074
31.289999300614
25.74999942444265
34.30999923311174
3.1999999284744263
22.019999507814646
4.419999901205301
33.81999924406409
27.009999396279454
15.899999644607306
31.849999288097024
33.13999925926328
5.529999876394868
27.909999376162887
22.409999499097466
6.409999856725335
20.419999543577433
20.929999532178044
21.869999511167407
2.849999936297536
31.899999286979437
1.219999972730875
31.48999929614365
35.149999214336276
39.62999911420047
33.329999255016446
33.9899992402643
38.25999914482236
28.72999935783446
32.709999268874526
27.119999393820763
36.349999187514186
27.88999937660992
19.849999556317925
30.23999932408333
37.01999917253852
39.08999912627041
31.659999292343855
21.87999951094389
36.54999918304384
34.96999921835959
36.67999918013811
35.67999920248985
37.49999916180968
