1.4899999666959047
0.4599999897181988
0.9899999778717756
1.3599999696016312
1.50999996624887
0.0
1.3999999687075615
2.0199999548494816
2.3099999483674765
1.2999999709427357
1.3099999707192183
2.369999947026372
2.419999945908785
1.4199999682605267
5.9699998665601015
2.9999999329447746
2.319999948143959
0.789999982342124
3.36999992467463
2.459999945014715
1.2099999729543924
4.9899998884648085
6.38999985717237
4.719999894499779
1.5899999644607306
9.089999796822667
0.9199999794363976
4.789999892935157
3.349999925121665
4.309999903663993
2.9999999329447746
2.4499999452382326
8.699999805539846
6.3299998585134745
7.099999841302633
6.619999852031469
6.169999862089753
10.409999767318368
6.6599998511374
8.28999981470406
3.94999991171062
8.049999820068479
6.2799998596310616
8.899999801069498
4.349999902769923
5.629999874159694
9.519999787211418
9.569999786093831
8.579999808222055
9.13999979570508
9.709999782964587
8.51999980956316
11.069999752566218
6.939999844878912
12.789999714121222
4.469999900087714
6.819999847561121
10.949999755248427
6.38999985717237
10.119999773800373
5.5399998761713505
7.00999984331429
18.799999579787254
4.059999909251928
7.1199998408555984
8.299999814480543
6.529999854043126
9.559999786317348
1.7299999613314867
7.679999828338623
9.469999788329005
8.569999808445573
12.749999715015292
10.10999977402389
5.479999877512455
10.939999755471945
11.669999739155173
6.129999862983823
4.769999893382192
4.909999890252948
8.28999981470406
7.339999835938215
10.37999976798892
16.1899996381253
3.829999914392829
7.329999836161733
6.0899998638778925
8.779999803751707
6.469999855384231
10.189999772235751
33.0699992608279
6.939999844878912
14.069999685510993
5.76999987103045
10.579999763518572
8.859999801963568
5.369999879971147
12.139999728649855
4.7499998938292265
12.629999717697501
10.079999774694443
10.039999775588512
8.139999818056822
7.179999839514494
7.3099998366087675
16.739999625831842
18.31999959051609
7.929999822750688
8.159999817609787
21.829999512061477
9.309999791905284
8.189999816939235
7.58999983035028
8.419999811798334
16.33999963477254
6.289999859407544
14.889999667182565
5.379999879747629
12.259999725967646
7.949999822303653
12.879999712109566
27.25999939069152
7.159999839961529
9.039999797940254
13.419999700039625
10.41999976709485
11.939999733120203
26.33999941125512
19.889999555423856
10.079999774694443
16.749999625608325
5.349999880418181
23.989999463781714
2.1699999514967203
5.069999886676669
20.619999539107084
3.609999919310212
10.68999976105988
6.529999854043126
15.339999657124281
3.7499999161809683
4.909999890252948
6.049999864771962
20.52999954111874
12.11999972909689
9.789999781176448
11.26999974809587
20.75999953597784
18.959999576210976
16.329999634996057
12.73999971523881
4.91999989002943
22.989999486133456
18.04999959655106
4.25999990478158
1.769999960437417
11.639999739825726
19.70999955944717
25.469999430701137
1.7299999613314867
14.699999671429396
18.69999958202243
4.29999990388751
22.099999506026506
19.069999573752284
7.0699998419731855
6.439999856054783
3.9399999119341373
12.729999715462327
21.25999952480197
7.139999840408564
30.159999325871468
11.219999749213457
14.179999683052301
4.339999902993441
